2 2 23.029727 14025.420764 15.068758
2 1 18.153766 14250.358122 10.601916
2 4 38.969804 14290.261190 10.561797
2 3 49.147147 14589.694898 29.907322
2 2 23.499322 14310.129570 15.388133
2 1 17.764840 13874.365123 10.329894
2 4 39.748101 14573.266425 10.746346
2 3 47.792315 14120.487895 29.274274
2 2 23.578992 14084.912579 15.326135
2 1 18.014837 14136.985344 10.673776
2 4 38.285225 14285.456816 10.834214
2 3 49.509971 14715.487777 30.514358
1 2 4.575442552566528 28205.95436167717 15.629120111465454
1 4 6.589770793914795 28241.686344623566 14.411767482757568
1 1 5.302880525588989 31586.69440317154 5.250317573547363
1 3 7.921498537063599 33221.75863313675 5.828012466430664
1 2 4.666291579615241 28814.07344491071 15.983473513095542
1 4 6.727652110791996 28892.034571192104 14.828603830902626
1 1 5.110967736100869 32304.82731834297 5.363323823818314
1 3 7.722128651515739 34001.95660480399 6.030295840793276
1 2 4.658424863207226 28611.44362355308 16.240803474357447
1 4 6.750460029091895 28953.03478043523 14.70904066420237
1 1 5.208670733019887 31993.05981431969 5.47065016310478
1 3 8.030234486800383 33386.23626201315 6.037851471722273
3 2 6.182468 802.675064 14.479066
3 4 7.575835 962.618616 13.005749
3 1 3.598594 4340.377191 7.135562
3 3 5.116722 5743.180291 9.283514
3 2 6.310719 820.328266 14.768651
3 4 7.736349 982.861989 13.263864
3 1 3.675574 4429.565735 7.275281
3 3 5.233477 5874.747896 9.465764
3 2 6.246195 797.628565 14.647557
3 4 7.856050 971.172123 13.103370
3 1 3.526672 4451.733990 7.010751
3 3 4.978152 5980.291693 9.645258
5 1 3.657594 1542.167746 3.793096
5 2 6.176035 226.708360 9.009315
5 3 4.762362 1930.859879 4.745012
5 4 6.200793 272.608239 9.375986
5 1 3.734746 1574.809200 3.883017
5 2 6.318297 231.398529 9.190493
5 3 4.848612 1970.476075 4.837912
5 4 6.316881 278.608531 9.586505
5 1 3.719401 1525.545057 3.702214
5 2 6.053513 231.279857 9.250602
5 3 4.835098 1978.496362 4.901153
5 4 6.257780 269.482330 9.163065